  -5.2186435e+02
  -7.1615094e+02
  -8.7782197e+02
  -9.5341830e+02
  -9.6103145e+02
  -9.3274302e+02
  -8.9232325e+02
  -8.5189816e+02
  -8.1547238e+02
  -7.8310272e+02
  -7.5364960e+02
  -7.2604758e+02
  -6.9965022e+02
  -6.7416988e+02
  -6.4952191e+02
  -6.2570093e+02
  -6.0271437e+02
  -5.8055847e+02
  -5.5921602e+02
  -5.3866129e+02
  -5.1886521e+02
  -4.9979858e+02
  -4.8143341e+02
  -4.6374326e+02
  -4.4670305e+02
  -4.3028886e+02
  -4.1447772e+02
  -3.9924752e+02
  -3.8457695e+02
  -3.7044546e+02
  -3.5683324e+02
  -3.4372121e+02
  -3.3109100e+02
  -3.1892488e+02
  -3.0720582e+02
  -2.9591738e+02
  -2.8504374e+02
  -2.7456965e+02
  -2.6448044e+02
  -2.5476197e+02
  -2.4540060e+02
  -2.3638323e+02
  -2.2769720e+02
  -2.1933034e+02
  -2.1127093e+02
  -2.0350766e+02
  -1.9602966e+02
  -1.8882645e+02
  -1.8188791e+02
  -1.7520434e+02
  -1.6876636e+02
  -1.6256495e+02
  -1.5659141e+02
  -1.5083737e+02
  -1.4529477e+02
  -1.3995583e+02
  -1.3481308e+02
  -1.2985930e+02
  -1.2508754e+02
  -1.2049113e+02
  -1.1606362e+02
  -1.1179879e+02
  -1.0769068e+02
  -1.0373353e+02
  -9.9921781e+01
  -9.6250099e+01
  -9.2713334e+01
  -8.9306529e+01
  -8.6024910e+01
  -8.2863875e+01
  -7.9818994e+01
  -7.6885999e+01
  -7.4060778e+01
  -7.1339372e+01
  -6.8717966e+01
  -6.6192884e+01
  -6.3760588e+01
  -6.1417668e+01
  -5.9160839e+01
  -5.6986940e+01
  -5.4892921e+01
  -5.2875848e+01
  -5.0932894e+01
  -4.9061334e+01
  -4.7258546e+01
  -4.5522003e+01
  -4.3849270e+01
  -4.2238002e+01
  -4.0685942e+01
  -3.9190912e+01
  -3.7750818e+01
  -3.6363642e+01
  -3.5027438e+01
  -3.3740333e+01
  -3.2500524e+01
  -3.1306273e+01
  -3.0155905e+01
  -2.9047808e+01
  -2.7980428e+01
  -2.6952270e+01
  -2.5961892e+01
  -2.5007907e+01
  -2.4088976e+01
  -2.3203811e+01
  -2.2351173e+01
  -2.1529865e+01
  -2.0738737e+01
  -1.9976679e+01
  -1.9242623e+01
  -1.8535541e+01
  -1.7854441e+01
  -1.7198368e+01
  -1.6566403e+01
  -1.5957661e+01
  -1.5371286e+01
  -1.4806459e+01
  -1.4262386e+01
  -1.3738305e+01
  -1.3233483e+01
  -1.2747210e+01
  -1.2278805e+01
  -1.1827613e+01
  -1.1393000e+01
  -1.0974356e+01
  -1.0571097e+01
  -1.0182655e+01
  -9.8084865e+00
  -9.4480673e+00
  -9.1008919e+00
  -8.7664737e+00
  -8.4443439e+00
  -8.1340509e+00
  -7.8351599e+00
  -7.5472518e+00
  -7.2699230e+00
  -7.0027849e+00
  -6.7454629e+00
  -6.4975964e+00
  -6.2588379e+00
  -6.0288528e+00
  -5.8073186e+00
  -5.5939248e+00
  -5.3883722e+00
  -5.1903729e+00
  -4.9996491e+00
  -4.8159337e+00
  -4.6389689e+00
  -4.4685069e+00
  -4.3043086e+00
  -4.1461438e+00
  -3.9937910e+00
  -3.8470364e+00
  -3.7056744e+00
  -3.5695069e+00
  -3.4383429e+00
  -3.3119986e+00
  -3.1902969e+00
  -3.0730673e+00
  -2.9601453e+00
  -2.8513727e+00
  -2.7465970e+00
  -2.6456714e+00
  -2.5484544e+00
  -2.4548097e+00
  -2.3646060e+00
  -2.2777169e+00
  -2.1940206e+00
  -2.1133997e+00
  -2.0357414e+00
  -1.9609366e+00
  -1.8888806e+00
  -1.8194724e+00
  -1.7526146e+00
  -1.6882135e+00
  -1.6261789e+00
  -1.5664238e+00
  -1.5088644e+00
  -1.4534201e+00
  -1.4000132e+00
  -1.3485687e+00
  -1.2990145e+00
  -1.2512813e+00
  -1.2053021e+00
  -1.1610124e+00
  -1.1183501e+00
  -1.0772556e+00
  -1.0376710e+00
  -9.9954104e-01
  -9.6281218e-01
  -9.2743294e-01
  -8.9335374e-01
  -8.6052680e-01
  -8.2890611e-01
  -7.9844734e-01
  -7.6910781e-01
  -7.4084637e-01
  -7.1362342e-01
  -6.8740080e-01
  -6.6214175e-01
  -6.3781086e-01
  -6.1437402e-01
  -5.9179839e-01
  -5.7005232e-01
  -5.4910532e-01
  -5.2892803e-01
  -5.0949217e-01
  -4.9077050e-01
  -4.7273676e-01
  -4.5536569e-01
  -4.3863294e-01
  -4.2251504e-01
  -4.0698940e-01
  -3.9203427e-01
  -3.7762867e-01
  -3.6375241e-01
  -3.5038605e-01
  -3.3751085e-01
  -3.2510875e-01
  -3.1316238e-01
  -3.0165499e-01
  -2.9057045e-01
  -2.7989321e-01
  -2.6960832e-01
  -2.5970135e-01
  -2.5015842e-01
  -2.4096616e-01
  -2.3211167e-01
  -2.2358254e-01
  -2.1536683e-01
  -2.0745300e-01
  -1.9982998e-01
  -1.9248707e-01
  -1.8541398e-01
  -1.7860080e-01
  -1.7203797e-01
  -1.6571630e-01
  -1.5962692e-01
  -1.5376131e-01
  -1.4811122e-01
  -1.4266876e-01
  -1.3742628e-01
  -1.3237644e-01
  -1.2751217e-01
  -1.2282663e-01
  -1.1831327e-01
  -1.1396575e-01
  -1.0977799e-01
  -1.0574411e-01
  -1.0185845e-01
  -9.8115582e-02
  -9.4510245e-02
  -9.1037390e-02
  -8.7692147e-02
  -8.4469827e-02
  -8.1365915e-02
  -7.8376058e-02
  -7.5496065e-02
  -7.2721900e-02
  -7.0049674e-02
  -6.7475642e-02
  -6.4996194e-02
  -6.2607855e-02
  -6.0307277e-02
  -5.8091237e-02
  -5.5956626e-02
  -5.3900453e-02
  -5.1919836e-02
  -5.0011999e-02
  -4.8174266e-02
  -4.6404062e-02
  -4.4698906e-02
  -4.3056408e-02
  -4.1474264e-02
  -3.9950257e-02
  -3.8482251e-02
  -3.7068189e-02
  -3.5706087e-02
  -3.4394036e-02
  -3.3130198e-02
  -3.1912801e-02
  -3.0740138e-02
  -2.9610566e-02
  -2.8522500e-02
  -2.7474416e-02
  -2.6464846e-02
  -2.5492372e-02
  -2.4555633e-02
  -2.3653315e-02
  -2.2784154e-02
  -2.1946930e-02
  -2.1140472e-02
  -2.0363647e-02
  -1.9615367e-02
  -1.8894583e-02
  -1.8200285e-02
  -1.7531500e-02
  -1.6887290e-02
  -1.6266752e-02
  -1.5669016e-02
  -1.5093244e-02
  -1.4538629e-02
  -1.4004395e-02
  -1.3489791e-02
  -1.2994097e-02
  -1.2516617e-02
  -1.2056683e-02
  -1.1613650e-02
  -1.1186896e-02
  -1.0775823e-02
  -1.0379856e-02
  -9.9984391e-03
  -9.6310376e-03
  -9.2771365e-03
  -8.9362399e-03
  -8.6078698e-03
  -8.2915659e-03
  -7.9868849e-03
  -7.6933996e-03
  -7.4106987e-03
  -7.1383859e-03
  -6.8760795e-03
  -6.6234117e-03
  -6.3800285e-03
  -6.1455886e-03
  -5.9197633e-03
  -5.7022363e-03
  -5.4927024e-03
  -5.2908680e-03
  -5.0964503e-03
  -4.9091765e-03
  -4.7287844e-03
  -4.5550209e-03
  -4.3876424e-03
  -4.2264145e-03
  -4.0711110e-03
  -3.9215143e-03
  -3.7774146e-03
  -3.6386100e-03
  -3.5049059e-03
  -3.3761149e-03
  -3.2520564e-03
  -3.1325566e-03
  -3.0174479e-03
  -2.9065690e-03
  -2.7997644e-03
  -2.6968844e-03
  -2.5977849e-03
  -2.5023268e-03
  -2.4103765e-03
  -2.3218049e-03
  -2.2364880e-03
  -2.1543062e-03
  -2.0751442e-03
  -1.9988910e-03
  -1.9254399e-03
  -1.8546878e-03
  -1.7865355e-03
  -1.7208876e-03
  -1.6576519e-03
  -1.5967399e-03
  -1.5380662e-03
  -1.4815485e-03
  -1.4271076e-03
  -1.3746671e-03
  -1.3241537e-03
  -1.2754964e-03
  -1.2286270e-03
  -1.1834799e-03
  -1.1399918e-03
  -1.0981017e-03
  -1.0577509e-03
  -1.0188828e-03
  -9.8144300e-04
  -9.4537892e-04
  -9.1064005e-04
  -8.7717770e-04
  -8.4494495e-04
  -8.1389662e-04
  -7.8398920e-04
  -7.5518075e-04
  -7.2743089e-04
  -7.0070073e-04
  -6.7495279e-04
  -6.5015099e-04
  -6.2626055e-04
  -6.0324799e-04
  -5.8108104e-04
  -5.5972865e-04
  -5.3916086e-04
  -5.1934886e-04
  -5.0026487e-04
  -4.8188214e-04
  -4.6417490e-04
  -4.4711833e-04
  -4.3068852e-04
  -4.1486244e-04
  -3.9961791e-04
  -3.8493355e-04
  -3.7078878e-04
  -3.5716377e-04
   2.8836218e+04
   8.1110741e+03
   1.1284053e+02
   1.0437287e+03
