20.0317005922883	7.61785813734665	-8.07957696064991	-1.34035030676637	3.19054680940826	8.19474175725583
19.6291687440686	7.70195932547111	-8.33526967249932	-1.67292322884896	3.06482379609952	8.68737696734064
19.1786924497738	7.70000663288893	-8.25188941180189	-1.99020617455892	2.98178145967904	9.15205453615948
18.6837739952397	7.63788027538534	-7.88976150364041	-2.28467415561931	2.96786589503245	9.57834088724616
18.1483894764824	7.54712231994422	-7.32264608238300	-2.54767148447161	3.05098998336325	9.95498532060435
17.5769180914937	7.45949077344815	-6.61450084752959	-2.76935265562543	3.25967607061830	10.2699215769065
16.9740714320361	7.40151367137829	-5.81999735302522	-2.93862322700966	3.62219864605868	10.5102694016924
16.3448227754383	7.38904316651451	-4.98511806859339	-3.04308070132242	4.16572702061239	10.6623361095686
15.6943363763896	7.42180961763522	-4.14775344106942	-3.06903214834165	4.91546800547803	10.7116177930056
15.0278967587359	7.47797567821758	-3.33829895573363	-3.01573138445383	5.89380859055382	10.6413091014147
14.3508380072740	7.50869500673768	-2.58025219764461	-2.90183862583945	7.11945862285938	10.4317041309541
13.6684730595477	7.45873044406354	-1.89080991297273	-2.72764685319271	8.60659348514309	10.0686097317557
12.9860229976419	7.33561229201555	-1.28146507033290	-2.47556519781938	10.3639967742056	9.54490812382574
12.3085463399786	7.15947398332742	-0.758603922118539	-2.11622313508997	12.3942029795435	8.86053572653509
11.6408683331114	6.94753587336741	-0.324103065834194	-1.61457468057051	14.6926401616875	8.02246198786997
10.9875102435211	6.71429904442457	0.0240734945706151	-0.936002583010122	17.2467726307514	7.04466821378446
10.3526186494108	6.47173910999314	0.291277287368445	-0.0524225190747529	20.0352436249013	5.94812639765951
9.73989473250056	6.22950001905834	0.485578311720786	1.05161271197721	23.0270179888394	4.76077804955821
9.15252356982312	5.99508786038149	0.617167976344263	2.37280899466714	26.1805248523087	3.51751302565390
8.59310342551873	5.77406466678522	0.697762038177757	3.88302670186386	29.4428003084904	2.26014835753813
8.06357504263038	5.57024221943890	0.740003541049589	5.52317650092300	32.7418782524765	1.03740708159967
7.56515093489890	5.38587585214413	0.756865754342528	7.20406225982151	35.7943658996373	-0.0951029315801861
7.09824467855815	5.22185825561940	0.761055111662643	8.87542582074821	38.2644442599267	-1.07491014793413
6.66240020413011	5.07791328178587	0.764414149504887	10.5208837195387	40.0846520010382	-1.83270054050809
6.25622108822004	4.95278974805254	0.777324445919646	12.1231573114055	41.3516532331705	-2.29233876013313
5.87729984531163	4.84445524160165	0.808109559180480	13.6641935397347	42.1972555704415	-2.36461979150772
5.52222554071521	4.75028992367385	0.862437966448397	15.1258165618056	42.6594281494617	-1.65417023003101
5.18821381968337	4.66728033385328	0.942726002442896	16.4903793742269	42.5798675930128	0.0781046748161316
4.87349526559819	4.59221319435278	1.04754079810459	17.7414154389553	41.8900165683590	2.22466161847115
4.57604221486866	4.52186921430007	1.17100321926364	18.8642903084692	40.6714772926644	3.88505075871944
4.29356841492040	4.45321689402232	1.30259055645101	19.8468532517145	38.9714374872856	4.51405186951160
4.02358814284389	4.38360632933137	1.43807053403968	20.6800888794387	36.8154649650678	4.45049284282140
3.76347532404574	4.31096301580851	1.58348442858528	21.3587687703694	34.2258524443023	4.07280280243140
3.51052265089709	4.23398165309186	1.74464521672931	21.8821030959953	31.2399623314850	3.42267567757517
3.26200070138378	4.15231994915848	1.92651824970258	22.2543922470359	27.9285715469159	2.55198535346426
3.01521705775599	4.06679242461337	2.13322281752592	22.4856784584408	24.4142163181677	1.52363707846962
2.76757542517731	3.97956421697177	2.36803371320741	22.5923974353937	20.8697721390054	0.406801029108465
2.51663475037486	3.89434488494362	2.63338279694230	22.5959876887500	17.4364807792008	-0.727854128461331
2.26016834028917	3.81658221272494	2.93086056031206	22.4794836007059	14.2522196276113	-1.81292767031118
1.99622298072200	3.75365601427450	3.26121769048214	22.2345302291214	11.4578015478328	-2.78905325313099
1.72317805498926	3.71507193760681	3.62436663440315	21.9209767114371	9.17723083961755	-3.60966535029002
1.43980466256687	3.71194468376234	4.01938316300712	21.6278972234577	7.49794960487634	-4.24576568673365
1.14532473774301	3.73561479760065	4.44450793540869	21.4299794789404	6.45108407735825	-4.69068967294879
0.839470168266871	3.75754552607395	4.89714806310263	21.3439133204520	5.99169098678976	-4.96487284498289
0.522541913997770	3.75710092410736	5.37387867416399	21.2898614276627	5.98080384086047	-5.12588431703421
0.195469125555178	3.72239906587311	5.87044447744512	21.1857394823053	6.23064741200189	-5.35072795742644
-0.140131737030742	3.64945472322142	6.38176132677762	21.0260396486576	6.59666566701300	-5.79128249198734
-0.481897785671549	3.54132204420603	6.90191778516851	20.8103943474007	6.97625297559876	-6.43877331333464
-0.826660585569130	3.40723723154042	7.42417668899975	20.5392987045229	7.30241807081286	-7.17539483956450
-1.17038703656772	3.26176122109609	7.94097671222914	20.2140398431149	7.53833813775766	-7.83273166633913
-1.50812025450193	3.12392236035157	8.44393393058641	19.8366261751649	7.67191290228423	-8.25017971897425
-1.83392045254993	3.01635908688695	8.92384338577415	19.4097166933537	7.71031871969228	-8.33341015389037
-2.14080582258180	2.96446260687662	9.37068064966695	18.9365502628500	7.67456266343023	-8.10082531903345
-2.42069341651052	2.99551957354925	9.77360338850787	18.4208749131052	7.59403661379513	-7.62760523508102
-2.66434002764254	3.13785476566409	10.1209529271107	17.8668771296490	7.50107134663272	-6.98257457231029
-2.86128307202921	3.41997376602740	10.4002558130563	17.2791111458841	7.42549062203734	-6.22497332477710
-2.99978146981425	3.86970563991417	10.5982253808936	16.6624282348818	7.38916527305204	-5.40505387164911
-3.06675652658714	4.51334561358090	10.7007633163363	16.0219060011765	7.40056729436843	-4.56467803853902
-3.05083957643365	5.37479775278553	10.6927114496784	15.3627776725616	7.44932393102680	-3.73791415883789
-2.96585000696359	6.47471764113288	10.5549717999902	14.6903613918840	7.50077176711606	-2.95163413504869
-2.82303192641120	7.82965505874745	10.2699535520833	14.0099895088395	7.49423435503870	-2.22611050011918
-2.61297336639836	9.45119666053506	9.82700388736976	13.3269378717682	7.40498668077069	-1.57561347877527
-2.31143060605973	11.3451086549103	9.22253477187860	12.6463551194491	7.25302838093418	-1.00900804885454
-1.88543236698024	13.5104794819999	8.46000178558097	11.9731919728957	7.05701212404449	-0.530351002639279
-1.29938400641549	15.9388624923449	7.54988295179828	11.3121305271507	6.83277440339455	-0.139488008189915
-0.521171713015065	18.6134186252966	6.50965756655023	10.6675135430816	6.59352934134038	0.167349329321780
0.471733299607877	21.5080590874713	5.36378502785374	10.0432737391757	6.35006249358611	0.396946406279398
1.68617059843382	24.5865880312631	4.14368366518283	9.44286308333503	6.11092465346920	0.558508559288867
3.10718633624492	27.8018452333417	2.88770956873486	8.86918208467161	5.88262565624605	0.663064003844454
4.69192905758973	31.0948487730348	1.64113541884399	8.32450908530270	5.66982818337706	0.722866772996383
6.36369331842434	34.3267689030618	0.456129315314684	7.81042955214582	5.47554156681190	0.750799656016966
8.04195040107879	37.1117807738483	-0.608266393199301	7.32776536871392	5.30131559327506	0.759777137067317
9.70244710668339	39.2520756348968	-1.48615627987238	6.87650412691053	5.14743430855071	0.762148333864445
11.3285363558098	40.7783776223660	-2.10481301028267	6.45572841882485	5.01310982176835	0.769099936347629
12.9024708446668	41.8210453502834	-2.38469851314039	6.06354512852699	4.89667610968775	0.790059145345651
14.4060546701949	42.4810899272561	-2.14593051373959	5.69701472705295	4.79578282098481	0.832096611242491
15.8212949562876	42.7013626149856	-0.892249777913094	5.35269302301425	4.70758908053597	0.899329372645411
17.1310534789372	42.3053234899417	1.15660637617111	5.02856287227084	4.62895729370479	0.992323795049856
18.3196982921654	41.3431620346382	3.16562448441982	4.72274807521723	4.55664695062524	1.10749850950924
19.3737553535320	39.8797552292235	4.33095246553421	4.43308428393951	4.48750843048941	1.23652735129792
20.2825601496443	37.9491877392866	4.52515274519101	4.15717812086436	4.41867680583067	1.36948526980450
21.0389093220292	35.5730967288837	4.29838333115913	3.89246629740924	4.34776564681044	1.50915254610179
21.6397122926574	32.7790166595951	3.77886616205797	3.63627473263188	4.27306082550263	1.66176627861550
22.0866428893351	29.6187240942381	3.01117202825844	3.38587767187960	4.19371432017942	1.83271543575680
22.3867909717519	26.1865825089626	2.05328630143777	3.13855680543892	4.10993801959569	2.02654214262677
22.5533140568878	22.6360652791336	0.971842497703619	2.89166038718594	4.02319752727578	2.24694324521479
22.6060889443761	19.1309149311855	-0.162644155789167	2.64266235323453	3.93640596579746	2.49677187459778
22.5551982764155	15.8042581612244	-1.28054315969348	2.38922144058716	3.85411778107743	2.77803901113936
22.3705185353756	12.7979044960812	-2.31787517806515	2.12924030578427	3.78272254665717	3.09191504868801
22.0809352416545	10.2467317264527	-3.22107846895233	1.86092464355335	3.73063876798858	3.43873135877681
21.7663614731282	8.25893225613982	-3.95177532802336	1.58284230545860	3.70850768671653	3.81798185482214
21.5141296125948	6.89625946246088	-4.49153851903975	1.29398241855171	3.72234202101936	4.22832455632292
21.3753798808903	6.15427403431386	-4.84665770921856	0.993814504019497	3.74830255063716	4.66758315305833
21.3214488569647	5.94259032886475	-5.05290590971708	0.682347595835267	3.76105788735549	5.13274856928888